```csv
target_code;target_content;NACE_level1;NACE_level1_extra1;NACE_level1_extra2;NACE_level2;NACE_level2_extra1;NACE_level2_extra2;NACE_level_3;NACE_level_3_extra1;NACE_level_3_extra2;justification;confidence_score
TA3.1;Halve the amount of residual (non-recycled) municipal waste;E - Water Supply, Sewerage, Waste Management and Remediation Activities;;;;E38 - Waste collection, treatment and disposal activities, materials recovery;;;;;;The target focuses on reducing municipal waste, which falls under waste management activities.;9
TA3.10;Union's access to a secure and sustainable supply of critical raw materials by ensuring that the Union's recycling capacity, including for all intermediate recycling steps, is able to produce at least 15% of the Union's annual consumption of strategic raw materials;C - Manufacturing;E - Water Supply, Sewerage, Waste Management and Remediation Activities;;C24 - Manufacture of basic metals;E38 - Waste collection, treatment and disposal activities, materials recovery;;C24.4 - Manufacture of basic precious and other non-ferrous metals;;;;The focus on recycling of raw materials aligns with manufacturing and waste management sectors.;8
TA3.11;Diversify the Union's imports of strategic raw materials with a view to ensure that the Union's annual consumption of each strategic raw material at any relevant stage of processing can rely on imports from several third countries, none of which provide more than 65% of the Union's annual consumption;B - Mining and Quarrying;;;;B9 - Mining support service activities;;;;;;This target relates to mining and quarrying as it involves sourcing raw materials.;8
TA3.12;By 2030, manufacturing capacity in the Union of the strategic net-zero technologies listed in the Annex approaches or reaches a benchmark of at least 40% of the Union’s annual deployment needs for the corresponding technologies necessary to achieve the Union’s 2030 climate and energy targets;C - Manufacturing;D - Electricity, Gas, Steam and Air Conditioning Supply;;C28 - Manufacture of machinery and equipment n.e.c.;D35 - Electricity, gas, steam and air conditioning supply;;C28.9 - Manufacture of other special-purpose machinery;;;;The target focuses on manufacturing capacity for net-zero technologies, linking it to manufacturing and energy supply sectors.;9
TA3.13;nan;nan;nan;nan;nan;nan;nan;nan;nan;nan;There is no content provided for this target.;0
TA3.14;nan;nan;nan;nan;nan;nan;nan;nan;nan;nan;There is no content provided for this target.;0
TA3.15;Producers of portable batteries or, where appointed in accordance with Article 57(1), producer responsibility organisations, shall ensure that all waste portable batteries, Light Means of Transport (LMT) and SLI batteries, regardless of their nature, chemical composition, condition, brand or origin, are collected separately in the territory of a Member State where they make these batteries available on the market for the first time.;C - Manufacturing;E - Water Supply, Sewerage, Waste Management and Remediation Activities;;C27 - Manufacture of electrical equipment;E38 - Waste collection, treatment and disposal activities, materials recovery;;C27.2 - Manufacture of batteries and accumulators;;;;The target is related to battery production and waste management, linking manufacturing and waste sectors.;9
TA3.16;Producers of portable batteries or producer responsibility organisations, shall attain, and maintain durably, at least the following collection targets for waste portable batteries: 45 % by 31 December 2023, 63 % by 31 December 2027, 73 % by 31 December 2030.;C - Manufacturing;E - Water Supply, Sewerage, Waste Management and Remediation Activities;;C27 - Manufacture of electrical equipment;E38 - Waste collection, treatment and disposal activities, materials recovery;;C27.2 - Manufacture of batteries and accumulators;;;;The target involves collection targets for batteries, involving manufacturing and waste management sectors.;9
TA3.17;Producers of LMT (Light Means of Transport) batteries or producer responsibility organisations, shall attain, and maintain durably, at least the following collection targets of waste LMT batteries: 51 % by 31 December 2028, 61 % by 31 December 2031.;C - Manufacturing;E - Water Supply, Sewerage, Waste Management and Remediation Activities;;C27 - Manufacture of electrical equipment;E38 - Waste collection, treatment and disposal activities, materials recovery;;C27.2 - Manufacture of batteries and accumulators;;;;The target involves collection of LMT batteries, aligning with manufacturing and waste management.;9
TA3.18;Recycled content in industrial batteries, electric vehicle batteries, LMT batteries and SLI batteries: Cobalt: 16 % by 2031 (26% by 2036), Lead: 85% (85%), Nickel: 6% (12%), Lithium 6% (15%);C - Manufacturing;E - Water Supply, Sewerage, Waste Management and Remediation Activities;;C27 - Manufacture of electrical equipment;E38 - Waste collection, treatment and disposal activities, materials recovery;;C27.2 - Manufacture of batteries and accumulators;;;;The focus on recycled content in batteries connects manufacturing and waste management.;9
TA3.19;All batteries incorporated in market products shall be readily removable and replaceable by the end-user at any time during the lifetime (except some derogations);C - Manufacturing;E - Water Supply, Sewerage, Waste Management and Remediation Activities;;C27 - Manufacture of electrical equipment;E38 - Waste collection, treatment and disposal activities, materials recovery;;C27.2 - Manufacture of batteries and accumulators;;;;The requirement for removable batteries ties to manufacturing and waste management.;9
TA3.2;Reduce landfill to a maximum of 10% of municipal waste;E - Water Supply, Sewerage, Waste Management and Remediation Activities;;;;E38 - Waste collection, treatment and disposal activities, materials recovery;;;;;;The target is focused on reducing landfill, directly related to waste management.;9
TA3.20;Recycling shall achieve at least the following targets for recycling efficiency: No later than 31 December 2025 - 75% by average weight of lead-acid batteries, - 80% by average weight of nickel-cadmium batteries - 50% by average weight of other waste batteries No later than 31 December 2030 - 80% by average weight of lead-acid batteries;C - Manufacturing;E - Water Supply, Sewerage, Waste Management and Remediation Activities;;C27 - Manufacture of electrical equipment;E38 - Waste collection, treatment and disposal activities, materials recovery;;C27.2 - Manufacture of batteries and accumulators;;;;Recycling targets for batteries relate to manufacturing and waste management sectors.;9
TA3.21;Recycling shall achieve at least the following targets for recycling efficiency: No later than 31 December 2025 - 65% by average weight of lithium-based batteries, No later than 31 December 2030 - 70% by average weight of lithium-based batterie;C - Manufacturing;E - Water Supply, Sewerage, Waste Management and Remediation Activities;;C27 - Manufacture of electrical equipment;E38 - Waste collection, treatment and disposal activities, materials recovery;;C27.2 - Manufacture of batteries and accumulators;;;;The focus on recycling lithium-based batteries involves manufacturing and waste management.;9
TA3.22;All recycling shall achieve at least the following targets for recovery of materials: No later than 31 December 2027 -90% for cobalt, copper, lead and nickel, No later than 31 December 2031: -95% for cobalt, copper, lead, and nickel;C - Manufacturing;E - Water Supply, Sewerage, Waste Management and Remediation Activities;;C24 - Manufacture of basic metals;E38 - Waste collection, treatment and disposal activities, materials recovery;;C24.4 - Manufacture of basic precious and other non-ferrous metals;;;;The target focuses on material recovery, connected to manufacturing and waste management.;9
TA3.23;All recycling shall achieve at least the following targets for recovery of materials: No later than 31 December 2027 -50% lithium No later than 31 December 2031: -80% lithium;C - Manufacturing;E - Water Supply, Sewerage, Waste Management and Remediation Activities;;C27 - Manufacture of electrical equipment;E38 - Waste collection, treatment and disposal activities, materials recovery;;C27.2 - Manufacture of batteries and accumulators;;;;The focus on lithium recovery aligns with manufacturing and waste management.;9
TA3.24;Reduce the generation of food waste in processing and manufacturing by 10% in comparison to the amount generated in 2020;C - Manufacturing;I - Accommodation and Food Service Activities;;C10 - Manufacture of food products;I56 - Food and beverage service activities;;C10.1 - Processing and preserving of meat and production of meat products;;;;The target involves reducing food waste in processing, linking it to food manufacturing and services.;9
TA3.25;Reduce the generation of food waste per capita, jointly in retail and other distribution of food, in restaurants and food services and in households, by 30 % in comparison to the amount generated in 2020;G - Wholesale and Retail Trade, Repair of Motor Vehicles and Motorcycles;I - Accommodation and Food Service Activities;S - Other Service Activities;G47 - Retail trade, except of motor vehicles and motorcycles;I56 - Food and beverage service activities;S96 - Other personal service activities;G47.1 - Retail sale in non-specialised stores;I56.1 - Restaurants and mobile food service activities;S96.0 - Other personal service activities;The target aims to reduce food waste across retail, food services, and households, connecting to various sectors.;8
TA3.26;nan;nan;nan;nan;nan;nan;nan;nan;nan;nan;There is no content provided for this target.;0
TA3.27;Making all packaging recyclable (see European Parliament resolution of 10 February 2021 on the New Circular Economy Action Plan, the New Circular Economy Action Plan and art. 5 of this Proposal);C - Manufacturing;E - Water Supply, Sewerage, Waste Management and Remediation Activities;;C22 - Manufacture of rubber and plastic products;E38 - Waste collection, treatment and disposal activities, materials recovery;;C22.2 - Manufacture of plastics products;;;;The aim to make packaging recyclable relates to manufacturing and waste management.;9
TA3.28;The plastic part in packaging shall contain the following minimum percentage of recycled content recovered from post-consumer plastic waste, per unit of packaging: From 1 January 2030 (i) 30% for contact sensitive packaging made from polyethylene terephthalate (PET) as major component, (ii) 10% for contact sensitive made from plastic materials other than PET, except single use plastic bottles, (iii) 30% for single use plastic beverage bottles, (iv) 35% for other plastic packaging From 1 January 2040 (v) 50% for contact sensitive plastic packaging, except single use plastic beverage bottles, (vi) 65% for single use plastic beverage bottles, (vii) 65% for other plastic packaging;C - Manufacturing;E - Water Supply, Sewerage, Waste Management and Remediation Activities;;C22 - Manufacture of rubber and plastic products;E38 - Waste collection, treatment and disposal activities, materials recovery;;C22.2 - Manufacture of plastics products;;;;The target involves recycled content in plastic packaging, linked to manufacturing and waste management.;9
TA3.29;Member States shall take measures to achieve a sustained reduction in the consumption of lightweight plastic carrier bags on their territory. A sustained reduction is achieved if the annual consumption does not exceed 40 lightweight plastic carrier bags per person, or the equivalent target in weight, by 31 December 2025, and subsequently by 31 December in each year thereafter;C - Manufacturing;E - Water Supply, Sewerage, Waste Management and Remediation Activities;G - Wholesale and Retail Trade, Repair of Motor Vehicles and Motorcycles;C22 - Manufacture of rubber and plastic products;E38 - Waste collection, treatment and disposal activities, materials recovery;G47 - Retail trade, except of motor vehicles and motorcycles;C22.2 - Manufacture of plastics products;E38.3 - Materials recovery;G47.1 - Retail sale in non-specialised stores;The target on plastic bag reduction involves manufacturing, waste management, and retail sectors.;9
TA3.3;Double its circular material use rate in the coming decade;C - Manufacturing;E - Water Supply, Sewerage, Waste Management and Remediation Activities;;C24 - Manufacture of basic metals;E38 - Waste collection, treatment and disposal activities, materials recovery;;C24.4 - Manufacture of basic precious and other non-ferrous metals;;;;Doubling circular material use involves manufacturing and waste management.;9
TA3.30;Reduce packaging waste by 5% per Member State per capita compared to 2018 by 2030, 10% by 2035 and 15% by 2040;C - Manufacturing;E - Water Supply, Sewerage, Waste Management and Remediation Activities;;C22 - Manufacture of rubber and plastic products;E38 - Waste collection, treatment and disposal activities, materials recovery;;C22.2 - Manufacture of plastics products;;;;The target relates to reducing packaging waste, involving manufacturing and waste management.;9
TA3.31;Recycling or preparing for re-use 65% of all packaging waste by 2025, 70% by 2030;C - Manufacturing;E - Water Supply, Sewerage, Waste Management and Remediation Activities;;C22 - Manufacture of rubber and plastic products;E38 - Waste collection, treatment and disposal activities, materials recovery;;C22.2 - Manufacture of plastics products;;;;The focus on recycling packaging waste connects to manufacturing and waste management.;9
TA3.32;Recycling of plastic in packaging: 55%;C - Manufacturing;E - Water Supply, Sewerage, Waste Management and Remediation Activities;;C22 - Manufacture of rubber and plastic products;E38 - Waste collection, treatment and disposal activities, materials recovery;;C22.2 - Manufacture of plastics products;;;;The target on recycling plastic packaging relates to manufacturing and waste management.;9
TA3.33;Recycling of wood in packaging: 30%;C - Manufacturing;E - Water Supply, Sewerage, Waste Management and Remediation Activities;;C16 - Manufacture of wood and of products of wood and cork, except furniture;E38 - Waste collection, treatment and disposal activities, materials recovery;;C16.2 - Manufacture of products of wood, cork, straw and plaiting materials;;;;The target involves recycling wood packaging, linking manufacturing and waste management.;9
TA3.34;Recycling of ferrous metals in packaging: 80%;C - Manufacturing;E - Water Supply, Sewerage, Waste Management and Remediation Activities;;C24 - Manufacture of basic metals;E38 - Waste collection, treatment and disposal activities, materials recovery;;C24.1 - Manufacture of basic iron and steel and of ferro-alloys;;;;The target focuses on recycling ferrous metals, involving manufacturing and waste management.;9
TA3.35;Recycling of aluminium in packaging: 60%;C - Manufacturing;E - Water Supply, Sewerage, Waste Management and Remediation Activities;;C24 - Manufacture of basic metals;E38 - Waste collection, treatment and disposal activities, materials recovery;;C24.4 - Manufacture of basic precious and other non-ferrous metals;;;;The target is related to recycling aluminium, linked to manufacturing and waste management.;9
TA3.36;Recycling of glass in packaging: 75%;C - Manufacturing;E - Water Supply, Sewerage, Waste Management and Remediation Activities;;C23 - Manufacture of other non-metallic mineral products;E38 - Waste collection, treatment and disposal activities, materials recovery;;C23.1 - Manufacture of glass and glass products;;;;The target involves recycling glass packaging, involving manufacturing and waste management.;9
TA3.37;Recycling of paper and cardboard in packaging: 85%;C - Manufacturing;E - Water Supply, Sewerage, Waste Management and Remediation Activities;;C17 - Manufacture of paper and paper products;E38 - Waste collection, treatment and disposal activities, materials recovery;;C17.1 - Manufacture of pulp, paper and paperboard;;;;The target on recycling paper and cardboard involves manufacturing and waste management.;9
TA3.38;nan;nan;nan;nan;nan;nan;nan;nan;nan;nan;There is no content provided for this target.;0
TA3.39;From 2025, beverage bottles listed in Part F of the Annex which are manufactured from polyethylene terephthalate as the major component (‘PET bottles’) contain at least 25 % recycled plastic, calculated as an average for all PET bottles placed on the market on the territory of that Member State;C - Manufacturing;E - Water Supply, Sewerage, Waste Management and Remediation Activities;;C22 - Manufacture of rubber and plastic products;E38 - Waste collection, treatment and disposal activities, materials recovery;;C22.2 - Manufacture of plastics products;;;;The target focuses on recycled content in PET bottles, linked to manufacturing and waste management.;9
TA3.4;By 2030 textile products placed on the EU market are long-lived and recyclable, to a great extent made of recycled fibres, free of hazardous substances and produced in respect of social rights and the environment;C - Manufacturing;R - Arts, Entertainment and Recreation;S - Other Service Activities;C13 - Manufacture of textiles;R90 - Creative, arts and entertainment activities;S96 - Other personal service activities;C13.1 - Preparation and spinning of textile fibres;R90.0 - Creative, arts and entertainment activities;S96.0 - Other personal service activities;The target relates to sustainable textiles, involving manufacturing, arts, and service activities.;8
TA3.40;Member States shall meet the target of 77% by weight for the separate collection for recycling of waste single-use plastic beverage bottles by 2025 and 90% by 2029;C - Manufacturing;E - Water Supply, Sewerage, Waste Management and Remediation Activities;;C22 - Manufacture of rubber and plastic products;E38 - Waste collection, treatment and disposal activities, materials recovery;;C22.2 - Manufacture of plastics products;;;;The target on recycling plastic bottles involves manufacturing and waste management.;9
TA3.41;From 2019, the minimum collection rate to be achieved annually shall be 65 % of the average weight of EEE placed on the market in the three preceding years in the Member State concerned, or alternatively 85 % of WEEE generated on the territory of that Member State.;C - Manufacturing;E - Water Supply, Sewerage, Waste Management and Remediation Activities;;C27 - Manufacture of electrical equipment;E38 - Waste collection, treatment and disposal activities, materials recovery;;C27.9 - Manufacture of other electrical equipment;;;;The target focuses on EEE waste collection, linking it to manufacturing and waste management.;9
TA3.42;From 15 August 2018, the recovery targets for the WEEE falling within the following categories of Annex III shall be: - 85% for Category 1 (temperature exchange equipment) or Category 4 (large equipment with any external dimension more than 50 cm) - 80% for Category 2 (e.g., screens and monitors) - 75% for Category 5 (small equipment with no external dimension more than 50 cm) or 6 (Small IT and telecommunication equipment with no external dimension more than 50 cm).;C - Manufacturing;E - Water Supply, Sewerage, Waste Management and Remediation Activities;;C27 - Manufacture of electrical equipment;E38 - Waste collection, treatment and disposal activities, materials recovery;;C27.9 - Manufacture of other electrical equipment;;;;The target is related to recovery targets for WEEE, involving manufacturing and waste management.;9
TA3.43;From 15 August 2018, the preparation for re-use targets for the WEEE falling within the following categories of Annex III shall be: - 80% for Category 1 or Category 4 - 70% for Category 2 - 55% for Category 5 or Category 6;C - Manufacturing;E - Water Supply, Sewerage, Waste Management and Remediation Activities;;C27 - Manufacture of electrical equipment;E38 - Waste collection, treatment and disposal activities, materials recovery;;C27.9 - Manufacture of other electrical equipment;;;;The target involves re-use targets for WEEE, linked to manufacturing and waste management.;9
TA3.44;From 15 August 2018, the recycling targets for the WEEE falling within the following categories of Annex III shall be: - 0% for Category 1 or Category 4 - 70% for Category 2 - 55% for Category 5 or Category 6;C - Manufacturing;E - Water Supply, Sewerage, Waste Management and Remediation Activities;;C27 - Manufacture of electrical equipment;E38 - Waste collection, treatment and disposal activities, materials recovery;;C27.9 - Manufacture of other electrical equipment;;;;The target on recycling targets for WEEE involves manufacturing and waste management.;9
TA3.45;By 2025, the preparing for re-use and recycling of municipal waste shall be increased to a minimum of 55% by weight (60% by 2030, 65% by 2035);E - Water Supply, Sewerage, Waste Management and Remediation Activities;;;;E38 - Waste collection, treatment and disposal activities, materials recovery;;;;;;The target is directly related to the recycling and re-use of municipal waste.;9
TA3.46;Member States should aim to achieve an indicative Union-wide food waste reduction target of 30 % by 2025 and 50 % by 2030;C - Manufacturing;I - Accommodation and Food Service Activities;;C10 - Manufacture of food products;I56 - Food and beverage service activities;;C10.1 - Processing and preserving of meat and production of meat products;;;;The target involves reducing food waste, linking it to food manufacturing and services.;9
TA3.47;Hazardous household waste will have to be collected separately by 2022, bio-waste by 2023 and textiles by 2025;E - Water Supply, Sewerage, Waste Management and Remediation Activities;C - Manufacturing;R - Arts, Entertainment and Recreation;E38 - Waste collection, treatment and disposal activities, materials recovery;C13 - Manufacture of textiles;R90 - Creative, arts and entertainment activities;E38.2 - Waste treatment and disposal;C13.9 - Manufacture of other textiles;R90.0 - Creative, arts and entertainment activities;The target focuses on separate collection of various waste types, involving waste management, textiles, and arts.;8
TA3.48;nan;nan;nan;nan;nan;nan;nan;nan;nan;nan;There is no content provided for this target.;0
TA3.5;By 2030 producers will have responsibility for their products along the value chain, including when they become waste. The circular textiles ecosystem is thriving, driven by sufficient capacities for innovative fibre-to-fibre recycling, while the incineration and landfilling of textiles is reduced to the minimum.;C - Manufacturing;E - Water Supply, Sewerage, Waste Management and Remediation Activities;R - Arts, Entertainment and Recreation;C13 - Manufacture of textiles;E38 - Waste collection, treatment and disposal activities, materials recovery;R90 - Creative, arts and entertainment activities;C13.1 - Preparation and spinning of textile fibres;E38.2 - Waste treatment and disposal;R90.0 - Creative, arts and entertainment activities;The target involves responsibility for products and recycling in textiles, linking it to manufacturing, waste management, and arts.;8
TA3.6;nan;nan;nan;nan;nan;nan;nan;nan;nan;nan;There is no content provided for this target.;0
TA3.7;nan;nan;nan;nan;nan;nan;nan;nan;nan;nan;There is no content provided for this target.;0
TA3.8;Union's access to a secure and sustainable supply of critical raw materials by ensuring that the Union's extraction capacity is able to extract the ores, minerals or concentrates needed to produce at least 10% of the Union's annual consumption of strategic raw materials, to the extent that the Union’s reserves allow for this;B - Mining and Quarrying;;;;B7 - Mining of metal ores;;;;;;The target is related to extraction capacity, directly linked to mining.;9
TA3.9;Union's access to a secure and sustainable supply of critical raw materials by ensuring that the Union's processing capacity, including for all intermediate processing steps, is able to produce at least 40% of the Union's annual consumption of strategic raw materials;C - Manufacturing;B - Mining and Quarrying;;C24 - Manufacture of basic metals;B8 - Other mining and quarrying;;C24.1 - Manufacture of basic iron and steel and of ferro-alloys;;;;The target involves processing capacity of raw materials, linked to manufacturing and mining.;9
```